mse: 0.0008996791040875445
mae: 0.0049015854901491495
rmse: 0.029994651257975055
r2: 0.33347474596721566
