mse: 0.02179331137798687
mae: 0.07603874904192708
rmse: 0.14762557833243828
r2: -0.02045220002228983
