One-way ANOVA results:
F-statistic: 1.4851579829076078
p-value: 0.17864867760331316
