mse: 0.0010410017094067282
mae: 0.009451393194208757
rmse: 0.03226455810028596
r2: 0.33113531981485284
